16018026
48112717
17387823
65583626
18956073
43232530
17595705
61288679
74239961
4627478657
355458302
60799419
701725963
3219303120
2467556107
533982861
21608662
2528911500
18746012
206414832
622750318
604123081
20788496
18205705
16582131
4894482472
1578652435
4821278298
137656171
20722768
606823151
168667405
14855994
111332093
624039687
20538442
589511830
629793299
2496645174
86236660
1664939335
3305347245
58331049
14241527
168280744
534671648
1013374544
2483500938
859306128
4874896845
814121478
7282132
65576332
18510860
14365762
25194540
32260596
18794294
2291841144
29679790
3254771270
1517527838
41949140
192935052
60767749
3314529347
164573983
2815181935
607558430
13850422
26350255
113658741
2856180336
238272731
14792049
62393001
36423281
29507306
3329715436
4267175567
10081072
3158065379
86378821
463176018
2653454930
206844298
234922535
2799776363
2843901666
860792832
24287541
14590764
179912967
53861909
902596597
350129163
270597181
183753455
27055034
405985756
54716387
350047207
140144781
24733117
102268811
234024969
270147709
4907495117
2328148980
25924436
1905590958
57181256
379767285
1259574180
73333278
122825865
65381193
30528628
243297589
17123611
21707592
17448662
105329640
218170218
3433659718
242011966
56226710
138834949
178063571
1413534834
260567394
35135642
2935344994
2458090176
12551072
17026643
78788534
28779627
148237475
171766368
19915883
22872768
32783596
309648615
4195481594
18302938
299220494
437086729
16131215
93308808
278315777
416626589
23153001
2799217323
1665184958
352539661
83701522
2750929249
242874600
17643749
2429060390
108775767
16702106
134019092
39246283
23719539
2746041570
16915314
2827929939
456775778
49449357
2321302628
501397421
4759057768
22846618
30030404
16597222
3034767519
49118695
47253430
274813393
16167236
554431503
3291638513
330759494
120797863
68004485
166692760
3418466404
25744313
3265559538
1264291556
20216007
3310886090
31223236
15172502
305614280
2299826742
4710523183
44828614
358091193
19167813
43182702
326616900
108256522
1579892179
1903011139
21043723
15750667
2914529775
20634939
38637761
714490700906291200
50889806
1693811
1428245454
275855565
244204448
519728191
112775032
585725732
18789002
16552108
2946805270
2311063720
21135703
4306263074
1052715234
696457403655565312
47193892
22551445
175472734
205644304
15872716
32467299
616623398
4703317886
1539564943
17631311
14345062
184628546
15773724
1952905440
753318572
14186393
9507342
1104526898
18220818
993358020
195030017
2544914191
2329498706
555092923
320726331
93111391
124666453
390103810
87957969
3293353049
3412958091
3436249294
174618314
1375084074
250371623
486321425
2800475385
3152728781
53932318
3507746300
251668274
41436688
2250899358
114494345
202289395
239244397
93552356
4421940561
2886950441
246667561
475610765
969206162
26111686
174267385
704060092065423361
21045585
20544048
443304640
22013123
17477109
3379359779
488756617
538602903
110191821
3433022621
197896207
18267131
1603599324
16190478
2188423838
322401358
60684098
452843098
48443479
281909255
104290832
714955981969498112
1500129642
3239853627
18809804
49531665
19882907
283685536
28885875
388986101
25396218
29460521
524724189
154613857
4233671
50458131
24101567
1308980552
454443609
108708410
54628265
407807940
68486911
2488541
36242707
15537302
308174015
21091983
30122242
149984992
891991
27256997
109945090
3414944049
3066863551
3156235015
779286626
54744689
261515114
273554893
109491412
1586804930
1691191314
119558946
18393661
3354391834
29075651
342942805
17203795
15717071
17156932
73717605
2561728285
16721452
21435658
231954257
717744734920290304
219513729
4872606291
282728925
407473142
584546251
102311696
2905117488
4460038992
109960811
111381659
1934787661
326207746
2590010456
15334475
216123608
34643610
78805110
4687587470
259094582
601189357
2814618871
2618573184
18422904
352431233
3108351
40827873
16664681
17719592
4900070889
2950831116
2304112204
1244123617
2801187491
3253945590
119534385
472407653
1337799019
330623773
16337707
34824846
15195038
1210022401
740637475
10649692
1679216990
92643660
59598109
29619340
329029726
20618180
2909445756
15467215
1923975752
102872394
109854452
2706281318
129905825
41917361
31305822
239223334
410937567
1424071273
4728945939
314858337
1128197251
210818055
18569124
356883460
322177274
304208154
27968672
1963931894
3033877048
823113121
3044984776
270679712
194285805
16209123
329159493
16687237
14121456
2303751216
15861435
1948611690
21351506
20964739
1059040274
1488975356
330429183
128790234
453346233
119120963
4068920487
40532427
32517594
228949271
110939612
3192644318
2771588954
16131748
579221479
284559613
92079350
835897219
999907020
16843404
46195585
3080404728
564824282
709426609
116921689
21426342
286013431
62829146
996172243
863889445
3354545907
349817494
3416505311
32414658
73797943
242507768
37907293
26163517
17266544
36399008
790489232
49190063
171919007
66159666
253093355
27446191
93419194
110799048
235337115
199106986
20830711
3035635263
28199470
329323059
487946577
1221486553
1665099738
111115300
21771686
115307575
187653939
3612731472
64009474
3152407786
4821375853
3293741005
48141381
223989188
1957948550
305120082
263020925
1343300730
22789952
709592862275477504
214196112
2454339612
43723180
2725989047
17784669
705022876047568897
135541985
1493233116
232851192
3683971032
988156549
274838627
224868381
23047147
271274422
49800332
219913533
151633598
2223860267
4346692108
176174192
262948804
1161183426
400188508
29530235
150422835
63288787
893238769
45192612
744195960
10435012
47554499
374876626
1869575251
2506346305
2707923957
14189931
2497286180
445101320
22869375
213169226
14515799
39916537
15279429
3846093279
224292886
570816898
28156710
448618382
356360314
46757455
2849119986
5447242
52243691
517178713
1592246006
430344855
327462143
24581337
1607564250
3364210239
2493993336
206822202
209621926
1956515965
1352642953
35784576
51259550
702874160528121856
501750780
19318562
91377501
105802207
3239288246
467891280
300045529
1293232651
2795524054
1618641848
177210192
45039176
341172184
39755667
3247965726
306553106
396196009
596843174
90687103
2830629595
225102207
245688940
905374200
68803674
44382195
137637040
102824312
20433493
3072239888
2282990761
25605222
136655165
930566035
711881270
453394654
16841073
485373368
16186949
927071516
117891096
22407074
375183837
874859443
541199815
56910249
1347011700
4085159620
25564548
3432880557
263460813
3035823628
24852236
549010227
16146535
308534014
961359186
75939860
329528053
19134557
341313899
16444544
1281581
190044015
15602334
1452668023
423625300
367563368
707273903006068736
192767074
729172770
296612634
2446135554
1052096910
2366225917
21638203
397344566
161485260
3357687010
21319429
264281499
45701319
30130714
620187233
1586211571
137718722
241839490
174723004
31934987
17028746
23282823
78195667
2832425829
3309139560
438009484
34216220
139931363
38052704
3227742764
3044651543
25948917
19364382
326937860
1332568579
538481859
248262788
190878483
62147616
14957318
2286014678
3318602282
49129326
57730696
558093419
95009868
458015801
215678679
2945681430
384434800
3300035469
67503749
167985567
701386343134470144
18165865
25519387
1609275470
1580511860
355151947
1011598050
329688737
44510295
2602291656
874763028
2773494490
163067499
52237499
2800608903
3034890100
38012558
2161099874
545096776
2896876654
25427075
50666280
48105920
15520253
953793306
229732637
136881432
2920472945
32496207
2207745422
158064102
19447361
15232635
30264308
39180746
353072465
102229584
458825200
7940822
3065704610
308074699
37094526
2763922588
2370912056
17355480
246010723
620618811
3230944180
82539912
217286126
165487635
414514698
144576840
181805248
2557480471
116416014
3669655696
2428776326
1412064840
1232009113
160273215
67218370
1570989038
108141354
278223827
542962969
232743062
25365699
20284379
64431010
92867252
81602176
187657428
2389064082
2780748739
2414882947
3757015887
162491255
33811812
20114089
34701889
17376429
241359557
372518188
3569277075
18248053
16311797
291774022
544691112
201305895
2519065502
153218852
1426710036
792119786
2167674121
16568402
609483570
260848405
16550142
80619457
4541449892
350440268
267004350
61090009
16210388
442414871
57804293
601065065
3224693642
14194973
290890028
22997050
2899966918
374108016
253092158
14311436
49948272
263325209
26137474
307758523
428665209
3145556005
1212717337
352532987
571958472
339433442
67169191
110561553
2654689824
25545961
928916084
72493307
21661212
1148610157
95368728
626503046
2476904100
718239356083904513
585461861
21725017
34875282
120305224
441059920
33435693
3349241
1066855388
64391558
326441040
28654816
17687436
2476569446
1566650000
17469289
269579030
469696938
45013235
4038522193
28540576
19838330
446299683
1531525988
65401126
494624290
18548184
32060934
376876772
45819332
3033450923
714614269032198144
88311544
19212015
100005598
4547869279
7040442
2463920684
73873141
4165216573
382997671
26064207
607531851
317652514
2439532910
705454296154796032
31254075
469381281
969025784
220240498
133138637
807095
8862532
19044235
30434892
18268971
616871283
149315713
230450027
722481281653673984
42660725
2401835414
24544802
131675689
14084825
103286585
17694306
342442526
9229672
3201128189
3920426061
3168191809
296563624
2477669539
1173271218
359928092
26528766
635000692
312426579
1143336878
316063176
17723632
2174327760
2310955574
219253588
4006064986
901596870
433422060
2259450158
2858076903
1258249333
266673742
140892845
16481904
717128669169377281
146160591
1284319952
1292251770
77888292
68744992
99133948
309822757
342050953
32920313
248024430
81438841
305736905
20958510
71584155
99135533
507877806
896684838
1109685884
3387188439
183825988
102769156
27003847
122376915
15773072
18363392
97371315
70156027
102803388
1205219106
96385482
2804567817
26218305
14782782
757739089
41067762
4544786841
168531961
153876973
1206885618
367233868
103974923
5950272
214206294
92304777
3390129334
15363308
96442308
49638895
3313274850
65109514
49393232
557614924
243889154
36890646
798890670
1254490128
602882003
221507358
16815644
15976697
4769316554
277810122
2370768564
574918464
16622292
2784299021
79128580
108867469
222173557
931979174
63228779
176306447
20018057
630844632
3131253213
1489160666
106798740
116643752
3382445781
3368394364
14731096
493185954
39100089
167478588
24190388
2395426856
3001718591
1548489476
63144098
17919212
54391097
1556075358
164593658
889024146
16672561
104747576
386331159
1862610973
41541486
1948811262
713817057062682625
2823620637
3035726037
3033440645
25770215
2382422754
367439736
227410667
385041928
705263442307854336
339127929
3381990191
23268382
61336057
29774381
279118291
488123060
42295835
67052442
260986599
15194107
1734921174
18347732
703637991168737282
2794126314
402405313
47019515
16982413
410313167
138388479
289836894
46564642
24734286
928937168
28146113
1548714900
876040219
60406373
105463286
817652
390430596
293775908
18706257
39783819
1225199508
542400979
19205956
3276215678
776747
109974187
2555906221
2178794346
18082945
806010806
33267001
25685042
2229483438
294965479
795885295
709046708571738112
217513485
1187476992
1004387720
3222839432
3307303123
16958788
111559553
2937854619
32429400
4840244240
47204272
713218818
1035773479
591349485
82757763
108463543
9692612
1340835414
285434613
598390719
15191548
42400558
3438999494
50799216
156752362
2986116978
569552440
423957981
4501660992
3069614616
261212711
146181311
3035695739
271030180
25022491
2844693572
4868067065
340534889
25268310
59936143
18465936
47680487
172119712
61912110
17931424
60403583
25701904
4840654073
3873852739
274422511
4827698474
96894306
24249547
701178883702398976
3243871807
1920598429
26447410
2750105810
251927949
751976443
18129366
449614269
2841405708
4861280291
501306968
4828469940
48128080
15293839
61415761
705595132666466304
139612874
3179516406
117179079
3027570068
247767778
460364288
246051718
36037083
15145111
848478188
15741370
327799698
16015876
63032347
4043751910
287846959
561614650
1146349951
19428398
20021712
706186209949712384
479829591
4647391693
327561051
997931370
40049040
124898913
2952719616
239170356
2510362008
2896439073
21027387
167862232
24788417
43275216
2792672334
3153844428
53994286
2459121330
29993565
2254924218
291874773
44041065
80973698
15723290
3149805223
86141342
38684513
23840242
25297764
596779638
233933230
1261045009
387151655
95963751
42751681
364769778
3033270773
3033803560
258885469
1849938847
33276161
314536920
74008439
277014798
506461573
2861561947
2157046599
16329426
17278675
316401797
702184916813897728
172880019
202415340
3125444045
2588623208
462726419
22014084
9300262
120877403
360771315
3310011989
20606683
3360388514
2284514707
1639770008
21898572
15482156
3284112337
145383915
334302856
319337461
156772034
203025512
290720646
57481443
343327974
17204460
913851590
805905864
17586312
15080332
16138216
47683059
42291075
3069221
3663025166
755464039
106834467
32497478
395373272
2177428656
24645354
57087150
374760130
3741233607
15450520
4438040416
251305431
256633461
3034950226
3035644065
181109231
40074518
2841962009
455764741
15988710
268078146
1162112953
1289848416
52141764
17024708
168242807
16548484
271602903
265066872
860691823
14966163
707936100845817856
2342116610
30504255
8719302
260993061
15922073
19730650
4289460455
65585979
1918574402
2392132985
464304459
914567454
101640907
85646589
15319698
4049811659
75864150
266690646
2799607010
15463486
26367780
2149431601
192170074
1379501748
1549917763
22805192
49901006
3403970817
3426598513
18131006
60819278
424867761
807446946
93076795
369705071
487770873
2427778873
19863261
2896539479
278163796
73657657
815871284
373569258
191463695
804056125
2949051936
4760868253
2473143948
37090089
27463702
24844300
172202616
22778877
591524929
29488489
48415072
2334068923
718004031327698944
234889461
833558286
628974330
15064082
21567816
26625439
25053299
1393501008
2400828219
2485550138
180312074
64843181
199768203
2919901436
2906655619
3772895061
441466999
326974463
2837359399
14304170
2482709270
4884436077
3819931
2702235565
18298437
35888387
19317371
22699560
2491529862
2358667459
715970262299254789
1655293610
476811284
469799575
506391097
249690709
83620548
2279522616
552527556
19413784
708309848
118003642
2878075066
4824750171
1414551084
29110336
533610937
865321086
51864676
33545544
2832236690
706666581741318144
38465698
1246900826
329929419
2326256094
501301964
2417844248
1252242577
322416746
31403779
317594462
3289482160
76938029
3496906577
943826300
143663678
2925806962
8287732
2719961
21587082
3123781936
4887353853
1936536769
16472802
168524035
94212829
1023358076
19220761
40609183
7274082
2798417365
739281613
1102507878
91577531
22643800
491461409
2178922148
1101484128
4070999663
3610188921
1519412996
389077634
582140844
3603690382
128641320
52316850
338527731
3011598397
1076916151
488065549
396016694
20932236
1926831486
1146946760
708300644487016448
2936780487
29125428
777159012
2451808070
1241952727
113820568
553224015
312149882
27125886
317375395
622634506
494895846
169974430
541833926
46506260
573692319
162301746
219877181
783524780
15808113
144527487
256702289
928506404
863596621
2502895924
120353795
3840061937
517054024
358410527
126636133
529604764
227068838
103746342
2300151099
2271197568
4895085192
71716930
41829280
401675584
257630689
2453805590
342337249
508321526
272187450
1428660882
79547538
263960351
57479109
191644189
1606795340
2782404078
469885563
4764867800
4636491318
389078968
23004495
363124757
108617919
15222591
28534205
477174486
344322726
2960772875
419113148
1431031490
561643604
161767265
156337112
2884079135
19717952
2203720009
2203776828
102249736
38145943
505505379
72552866
464235324
2808624986
543780273
5568872
2236783614
4517951
415175014
71807953
176678019
191229219
1061126178
3313618153
316977967
155986770
135633290
405223165
14811111
41584867
244200696
174649888
35559041
2496643028
42081431
4376008359
55218049
29893765
252234443
18269496
3975018133
21154773
28273116
793880558
2263491734
2208095516
19877089
211480917
21783739
427059715
418730092
1127099168
550487203
86643035
120156642
318001410
335100561
118713637
533610569
182246984
531565758
420823306
315002735
1350528253
1924014294
390372254
926317914
107493793
2276003324
3146380946
4187496929
2273066840
21316253
16223927
600799231
62891290
37543640
18175578
170197342
14132503
93088579
293012979
320620503
46581397
1109584069
17080018
360755530
847910245
427737060
52399952
4873222367
2756388564
3192082754
46860972
2935041555
2533835623
1018921
54597913
1670851632
2344222885
16467567
74998364
19611642
1278515923
3192848121
33527531
72547151
15228530
250196282
78481599
4855044657
1344539976
19873152
3429119674
1660830372
3575972834
1579841
3364781501
30509664
330643630
465782542
346246528
19955376
2841377931
3606011957
861963872
2341462998
44177991
561731407
940534752
444864985
52938499
3227019684
3741671
2900781590
2177020681
19543182
2897775614
159447476
36837132
269441846
40908760
474464413
3150210322
805602769
70291924
1114334053
22660657
40109601
22442522
3347800451
1666567008
224864463
61099798
223257630
18929394
28862210
190298721
111772970
3266978148
474202929
27867068
579466287
4863101478
191525714
13604612
486882714
19427164
1925001980
19366171
266297471
28782732
449901857
3740360061
1494835716
2889276133
2147728884
2680355862
18353097
4237277387
95094652
2202371624
112461221
2554062792
59788234
387707281
44686891
53704876
91692512
45504625
376976294
34525391
20511649
16135783
46136742
333679210
286349282
25762267
3931906042
700460262545973249
2169288409
373593476
223326395
103000520
361062387
1349829794
16564066
37986522
134971995
20572543
14930609
45647641
632416713
1571215093
2254470722
17431441
705446574328057856
19845902
4700865265
723175496
2192887524
23974861
143115107
2679944780
278214197
2967894177
883421593
18025987
4777796199
4676548814
2352603978
1167318679
707233399
2825610685
264219232
206487352
20221325
2809161682
2591708060
386817348
18412225
152951325
180864953
66838029
47104766
42287518
426999530
18727347
21766435
4910548595
4708379511
317745935
24054719
16541246
40788228
4349621839
1689144032
474974313
2732944034
62510409
874752151
2373121536
2385287599
3408791968
15752446
22513016
17770260
942653346
48071635
688513
242147639
45920157
161569820
75736238
2344229754
21980816
3035590697
556340189
39523664
2856514775
1693649521
359974856
225889698
25002819
157099071
385161483
2264816244
22822556
3278869364
22772880
751281974
38976390
16679674
97474887
444299252
11805842
716680023780929536
1222880455
21939082
2353855071
3093631943
29350302
258871381
22093372
1755071610
61350866
410462294
34022952
127499705
3318160625
16223834
626220974
168741740
4216575862
552148426
3035880765
2971247836
176909116
163299688
4870958133
50833422
25570250
551372332
14517437
552619880
95497868
17548575
58881984
2322807987
3130914869
553224712
2209650690
2885449256
66034323
1546678166
1127260392
706316958
82748400
2778427009
716012352563449857
2415607198
40359919
2896863377
2651777845
274730101
330023566
2415965959
3438614458
244675157
802659122
19087357
89986486
611254260
610530921
450011933
17985482
1112486646
29639874
634676291
9690012
28674574
18847857
2217007286
2800224924
3328231984
147341544
19865528
16461545
30524827
4326291374
432809372
324614972
1679970553
983747960
486166462
308847854
26362666
32540713
785524554
130354914
918230042
47697376
361544166
16532495
21956000
2701652086
52054505
215154964
282224096
111742191
3140848178
381883950
72946021
403004768
30709612
387769793
32861990
464189079
125757866
22650211
72664613
1050111
152087549
31532083
78465328
11966392
451578449
954570410
88550047
905530344
3035668474
27422462
306710531
51210644
66213051
14795844
349763815
47657632
896258742
22533571
389292271
499357283
1895637186
14964429
18735647
18122583
20719498
17070252
831641257
3358084600
16299627
23618466
249822329
5695632
17787008
3408529580
36046325
435396679
2887593005
4769536303
495602226
374934115
61377432
54696945
848518471
40334543
2291706296
330688344
2337069912
1904758844
3035661064
13365392
2892800704
1104637854
24556105
582927693
2194665724